Nodes
715.833 339.051
602.083 309.99
579.167 346.317
552.917 383.855
526.25 423.209
507.083 457.114
562.083 470.434
587.083 437.74
610.417 399.596
636.25 362.059
692.083 375.378
669.167 412.311
471.25 529.768
634.167 248.234
456.25 406.862
477.917 366.297
437.917 445.611
419.583 483.754
462.917 361.453
431.667 352.371
481.667 323.915
520.417 330.575
540 295.459
561.667 254.894
540.417 160.444
519.167 202.22
497.083 239.152
476.25 276.085
455.417 315.439
368.333 337.235
304.167 320.283
215.417 296.67
264.583 264.581
332.5 283.35
397.917 299.092
436.667 268.214
407.083 267.003
455.417 230.676
413.333 220.989
410 196.165
387.5 165.288
341.667 154.995
455.417 143.491
452.917 185.873
511.25 130.172
424.167 105.954
375 65.3885
348.333 126.539
404.583 400.202
376.667 449.243
182.083 321.493
237.917 353.582
290 369.929
335.417 382.644
319.167 328.153
285 248.84
348.75 260.949
317.917 224.016
265.833 400.202
211.25 387.487
135.833 350.555
175.417 367.508
324.583 209.485
364.167 223.411
290 446.821
137.083 400.807
584.583 218.567
592.917 205.247
386.25 40.5651
424.167 24.8234
618.75 270.636
408.333 510.999
547.083 558.829
578.333 566.095
618.75 500.101
556.25 484.359
555 542.482
63.3333 395.964
Streets
6 5 1 12.5
0 1 0 8.0
1 2 0 10.2
2 3 0 9.3
3 4 0 11.0
4 7 0 7.5
8 3 1 8.7
4 5 0 12.3
12 5 1 13.0
6 7 0 9.5
7 8 0 6.0
8 9 0 8.8
2 9 0 7.4
9 10 0 10.9
0 10 1 8.1
11 8 1 6.5
10 11 1 11.5
13 1 0 10.0
14 4 0 9.0
15 3 1 8.0
14 15 0 10.1
16 14 0 9.3
5 16 1 7.2
17 16 1 12.4
15 18 0 11.7
19 15 1 10.9
18 20 0 8.6
20 2 0 9.8
20 21 0 6.7
21 22 0 10.3
1 22 0 7.9
22 23 0 9.4
24 25 0 10.0
25 26 0 8.8
26 27 0 11.5
27 28 0 9.6
28 19 0 8.3
31 30 1 10.2
30 29 1 9.9
29 19 1 10.8
32 33 1 6.4
33 34 1 7.1
28 34 1 8.5
28 20 1 7.9
22 27 0 9.2
27 35 0 11.3
35 36 0 9.7
36 38 0 7.0
38 37 0 9.9
37 35 0 10.5
26 37 0 8.8
40 39 1 6.7
38 39 1 8.3
41 40 1 9.1
42 40 1 7.5
42 43 1 6.2
43 25 1 10.1
42 44 1 8.9
45 42 1 7.8
46 45 1 8.4
45 47 1 9.2
47 46 1 9.6
47 41 1 6.5
19 48 1 11.7
48 49 1 7.2
48 53 1 8.8
29 53 1 7.4
52 53 1 9.9
52 54 1 6.7
54 30 1 8.5
54 29 1 7.3
52 51 1 10.1
51 50 1 9.0
50 31 1 7.9
31 32 1 8.2
36 56 0 9.3
56 55 0 7.1
55 32 1 8.9
55 57 1 9.0
57 41 1 8.2
33 56 1 7.9
33 30 1 10.0
29 34 0 9.2
34 36 0 8.6
59 51 1 9.7
58 52 1 9.9
60 50 1 8.5
61 60 1 7.9
62 41 1 8.8
62 57 1 8.2
62 63 1 9.0
65 64 0 10.3
53 64 1 8.7
64 17 0 9.8
23 66 0 9.9
66 67 0 8.4
46 68 1 9.0
68 69 1 8.2
69 44 1 7.8
44 24 1 10.2
24 67 1 9.5
67 13 1 8.4
13 0 1 9.0
25 66 1 7.9
23 26 0 9.7
70 23 0 10.0
13 70 0 8.9
71 17 1 10.2
72 76 0 8.3
76 75 0 7.5
75 6 0 9.0
74 75 1 8.1
73 74 1 7.8
74 11 1 7.9
73 72 1 9.0
72 12 1 8.4
12 71 1 9.2
77 71 1 8.3
77 60 1 9.5
